64.558 1
64.556 1
64.543 1
64.543 1
64.541 1
64.543 1
64.543 1
64.541 1
64.541 1
64.541 1
64.541 1
64.541 1
64.541 1
64.528 1
64.528 1
63.529 1
63.529 1
64.541 1
64.541 1
64.541 1
64.541 1
64.541 1
64.541 1
64.541 1
64.528 1
64.528 1
64.528 1
64.528 1
60.502 2
60.489 2
61.485 2
60.487 2
61.485 2
61.513 2
60.515 2
60.500 2
60.500 2
60.487 2
60.500 2
61.526 2
60.528 2
60.528 2
60.528 2
60.500 2
61.483 2
61.485 2
60.472 2
60.472 2
60.461 2
61.470 2
60.487 2
60.487 2
61.485 2
60.487 2
60.472 2
60.472 2
57.040 3
57.040 3
57.040 3
58.041 3
58.041 3
58.041 3
58.041 3
57.042 3
57.042 3
58.043 3
58.043 3
58.043 3
58.043 3
58.043 3
57.042 3
58.041 3
58.041 3
58.041 3
58.041 3
58.041 3
58.041 3
58.041 3
58.041 3
58.041 3
58.041 3
58.041 3
58.041 3
58.041 3
71.083 4
72.087 4
71.091 4
71.095 4
71.099 4
72.103 4
71.099 4
72.099 4
72.099 4
73.098 4
72.094 4
73.094 4
72.091 4
72.091 4
72.091 4
72.095 4
72.095 4
72.095 4
72.095 4
71.095 4
71.095 4
72.103 4
71.103 4
71.103 4
71.103 4
72.103 4
72.103 4
72.098 4
68.209 5
68.209 5
68.216 5
68.216 5
68.223 5
68.223 5
68.223 5
68.223 5
68.230 5
68.230 5
68.230 5
68.230 5
68.230 5
68.230 5
68.223 5
68.223 5
68.223 5
68.223 5
68.230 5
67.224 5
67.217 5
67.217 5
68.223 5
68.223 5
68.223 5
68.223 5
68.223 5
68.230 5
71.046 6
71.046 6
71.046 6
71.046 6
71.046 6
71.046 6
71.046 6
71.046 6
71.046 6
70.046 6
69.046 6
70.046 6
70.046 6
69.046 6
69.046 6
70.048 6
70.048 6
70.048 6
70.049 6
70.049 6
70.049 6
70.048 6
70.049 6
70.048 6
70.046 6
70.046 6
70.048 6
71.048 6
61.096 7
61.096 7
60.093 7
60.092 7
60.093 7
60.093 7
61.096 7
61.096 7
61.096 7
61.096 7
60.092 7
60.092 7
60.092 7
60.092 7
61.092 7
61.092 7
60.089 7
60.089 7
60.089 7
60.089 7
60.089 7
60.092 7
60.089 7
60.089 7
60.089 7
61.088 7
61.088 7
60.089 7
68.132 8
69.137 8
69.137 8
68.137 8
68.137 8
69.142 8
69.142 8
68.137 8
68.137 8
68.137 8
69.142 8
69.142 8
69.142 8
69.142 8
69.142 8
68.142 8
68.142 8
69.142 8
69.142 8
69.142 8
69.142 8
69.142 8
69.142 8
68.137 8
69.137 8
69.137 8
69.137 8
69.136 8
71.590 9
71.575 9
71.574 9
71.560 9
71.560 9
71.559 9
72.573 9
71.559 9
71.559 9
71.559 9
71.559 9
72.588 9
72.588 9
72.587 9
72.573 9
72.572 9
72.571 9
72.557 9
72.557 9
72.556 9
72.556 9
72.557 9
72.556 9
72.542 9
72.542 9
72.556 9
72.556 9
72.556 9
74.631 10
74.649 10
74.650 10
74.650 10
74.650 10
74.632 10
74.632 10
74.632 10
73.633 10
73.650 10
73.650 10
74.667 10
74.667 10
73.650 10
73.633 10
73.617 10
73.617 10
73.617 10
73.617 10
73.585 10
73.584 10
73.600 10
73.601 10
73.601 10
73.585 10
73.585 10
73.585 10
73.585 10
62.999 11
62.999 11
62.999 11
62.999 11
62.999 11
62.999 11
61.999 11
62.999 11
62.999 11
62.999 11
62.999 11
62.999 11
61.999 11
62.999 11
62.999 11
62.999 11
62.999 11
62.999 11
62.999 11
62.999 11
62.999 11
62.999 11
62.999 11
61.999 11
62.999 11
62.999 11
62.999 11
61.999 11
46.014 12
46.014 12
46.014 12
46.014 12
46.014 12
46.015 12
46.015 12
46.015 12
46.015 12
46.015 12
46.015 12
46.015 12
46.015 12
46.015 12
46.015 12
46.015 12
46.015 12
46.015 12
46.015 12
46.015 12
46.015 12
46.015 12
46.015 12
46.015 12
46.015 12
46.015 12
46.015 12
46.015 12
82.394 13
82.382 13
82.383 13
82.372 13
82.382 13
82.372 13
82.416 13
82.440 13
82.428 13
82.416 13
82.382 13
82.372 13
82.383 13
82.394 13
82.405 13
82.394 13
82.382 13
82.383 13
82.383 13
82.383 13
82.394 13
82.394 13
82.394 13
82.394 13
82.383 13
83.382 13
82.372 13
82.361 13
78.999 14
78.999 14
78.999 14
78.999 14
79.999 14
78.999 14
78.999 14
78.999 14
79.999 14
78.999 14
78.999 14
78.999 14
78.999 14
79.999 14
79.999 14
78.999 14
78.999 14
79.999 14
79.999 14
78.999 14
79.999 14
79.999 14
79.999 14
79.999 14
79.999 14
79.999 14
78.999 14
78.999 14
85.056 15
85.056 15
85.056 15
85.056 15
85.056 15
85.056 15
85.056 15
85.056 15
85.056 15
85.056 15
85.056 15
85.056 15
85.056 15
85.056 15
85.056 15
85.056 15
85.056 15
85.056 15
85.056 15
85.056 15
85.056 15
85.056 15
85.056 15
85.056 15
85.056 15
85.056 15
85.056 15
85.056 15
71.999 16
71.999 16
71.999 16
70.999 16
71.999 16
71.999 16
71.999 16
71.999 16
71.999 16
71.999 16
71.999 16
71.999 16
71.999 16
70.999 16
70.999 16
70.999 16
71.999 16
71.999 16
71.999 16
70.999 16
71.999 16
71.999 16
71.999 16
70.999 16
70.999 16
70.999 16
70.999 16
70.999 16
66.805 17
65.808 17
65.808 17
66.805 17
66.805 17
65.785 17
65.785 17
65.785 17
65.785 17
66.782 17
65.765 17
66.763 17
66.760 17
66.760 17
66.760 17
66.739 17
66.722 17
66.722 17
66.722 17
67.736 17
66.719 17
66.719 17
66.701 17
66.701 17
67.717 17
66.701 17
66.698 17
66.698 17
63.076 18
63.072 18
64.072 18
64.068 18
63.065 18
64.065 18
65.064 18
64.061 18
65.061 18
63.062 18
63.062 18
63.062 18
64.065 18
63.058 18
65.061 18
65.061 18
65.058 18
65.057 18
65.055 18
66.054 18
66.054 18
65.055 18
65.055 18
64.055 18
63.052 18
64.052 18
63.052 18
63.052 18
67.197 19
67.197 19
67.204 19
67.210 19
67.204 19
67.204 19
67.210 19
67.210 19
67.210 19
67.210 19
67.204 19
66.198 19
67.197 19
67.197 19
66.198 19
67.203 19
67.203 19
66.198 19
66.198 19
66.204 19
67.211 19
66.204 19
67.217 19
66.211 19
66.212 19
66.211 19
66.211 19
67.218 19
65.151 20
66.151 20
66.151 20
66.151 20
65.146 20
66.151 20
65.146 20
65.146 20
65.146 20
65.146 20
65.146 20
65.146 20
65.146 20
65.146 20
65.146 20
65.146 20
65.146 20
65.146 20
66.145 20
66.145 20
66.145 20
66.145 20
66.145 20
66.145 20
66.145 20
66.145 20
66.145 20
66.150 20
